048056050048057055048057057049048052049048049049048056048051050049048053049049053048051050049048050049049055049049048049049048049050049
(-3077,48056050048057055048057057049048052049048049049048056048051050049048053049049053048051050049048050049049055049049048049052123835625868)
(2656,48056050048057055048057057049048052049048049049048056048051050049048053049049053048051050049048050049049055049049048049046393096451617)
(-2335,48056050048057055048057057049048052049048049049048056048051050049048053049049053048051050049048050049049055049049048049051382128235794)
(366,48056050048057055048057057049048052049048049049048056048051050049048053049049053048051050049048050049049055049049048049048682193383247)
(3382,48056050048057055048057057049048052049048049049048056048051050049048053049049053048051050049048050049049055049049048049045667382751895)
(1462,48056050048057055048057057049048052049048049049048056048051050049048053049049053048051050049048050049049055049049048049047586625594135)
(2452,48056050048057055048057057049048052049048049049048056048051050049048053049049053048051050049048050049049055049049048049046597016003605)
(-2866,48056050048057055048057057049048052049048049049048056048051050049048053049049053048051050049048050049049055049049048049051912918834351)
(-1972,48056050048057055048057057049048052049048049049048056048051050049048053049049053048051050049048050049049055049049048049051019271385933)
(-4316,48056050048057055048057057049048052049048049049048056048051050049048053049049053048051050049048050049049055049049048049053362347022501)
