3616549
5250391
7986197
7989251
16241627
16951489
17203783
19095143
19703429
20231977
22624369
23504737
24538057
28318229
29020609
29037821
30557287
31126873
31646357
33926209
34190327
35118647
37330379
37686419
39029539
39243443
40443211
41254859
43900429
43939967
46518271
48755089
51210487
54873991
54985081
59198647
60264101
62118437
63539921
65297027
65849659
66830641
71610241
73055881
74685857
75032981
78093331
78308017
81349927
83925323
85551821
89207423
89339101
92669267
93034129
93660197
94644959
94773739
95542801
97700599
97851547
98286893
99647321
102453413
104923121
107190637
112274671
113266981
113901283
117506663
119132371
122170661
122878139
123012203
124231321
124382393
124812109
129811441
130535161
131531993
132766253
134510659
138400063
141641363
144158171
145464769
148696349
149171591
152020469
155464171
158874277
159257237
163174001
163967513
165114259
168051943
170025703
170772559
170956997
171439439
172629019
174973453
177120521
178646453
180185171
180541073
181353377
181503209
183885601
186507929
188119511
188955113
190986473
192689591
194231899
194833151
197456953
199693357
201722953
202539361
203603593
204127237
207982591
211544467
211573319
213851507
214577399
216253561
216872027
217398403
220813259
221172481
221650243
222251441
225432943
226590113
226647481
227229881
228090413
235240429
238630673
242094497
243435061
243525577
243617329
244234127
249910007
252248827
255536117
256878521
256977697
258244403
261617393
262304387
263378561
265121111
269976467
270149939
273162713
273614723
275513989
279069877
279588791
280757401
282894413
288451853
291191203
292807343
295486517
299252203
301852807
304707451
304932203
305252039
306205231
311700553
315324407
316700437
321475103
321768407
323876353
323927393
327736579
330935387
333546077
336644443
336663799
341166073
341714683
342993041
345635233
346494121
346714367
348899021
350003881
350477131
356222957
358570607
361678523
362124403
362811961
371091947
371353673
373245869
373791293
374087489
375806141
379683697
379858249
380141459
382619899
385219553
385592531
386008003
390528179
397385887
399650201
400530457
403463891
404265311
410211041
423436361
424345301
425789603
425879141
427789409
429663307
430521667
430933457
433587493
435606023
437178541
443722327
444104299
445159679
452383663
453094513
454049861
456346357
456627433
459793189
463310147
465701209
465725593
466176881
470242867
471867923
475151569
477954739
478854547
480531563
482190019
487275071
488727983
489006719
490723403
491168207
493284097
494162489
494194187
494428369
495373933
499702409
500594447
503303891
504336647
507745811
508696417
511787231
512082629
514179527
517677451
517695119
517977401
518902997
522344083
523744261
525847303
528402631
530747681
531228043
532096361
532718803
533821661
538038947
538211749
539812333
539930173
544494299
545373121
547641517
552786679
553172797
553977371
554332213
554367553
554514979
557637391
559277827
559320331
564913207
567642931
568837513
569013581
569695831
573033389
574025477
575642467
576830437
578184619
579929201
580621243
583836811
585841507
587783089
588960811
591940507
593973833
597042139
597284461
600390269
600752729
600983969
601786903
604029253
610050109
610653529
614327809
616078343
617400677
619290251
622199311
623086679
625421623
633113869
633372743
633542311
640144457
640755239
641847179
643307207
643944619
644127457
644501311
644523713
646769933
649129693
652869713
653306473
655685603
659916017
661148269
663963359
666736307
667991743
669231977
669787213
670632097
671538367
672695857
673192969
675734879
676242263
677768423
680808407
681254713
681932117
683607959
685772839
689639329
690078643
691695919
691790959
692841763
697676099
700158691
700318783
702188521
708379501
710611663
711469391
711921347
712606529
712686739
717360461
718124899
718274041
721073183
721369151
722739509
723067601
723898649
724189087
728475119
728909707
730055681
731399719
734224031
734444189
736457773
739877891
741779069
743786231
746662991
749012567
749400319
752909693
753318257
753862441
754250327
755171327
755219273
755416747
761148359
764798009
766272359
766758149
771347141
771407323
773832403
773836211
777173741
780796897
781593811
782969431
783833447
783961543
787450399
788321797
789151793
796441817
797920477
798804547
799150889
799946297
800668717
805575377
806595611
808517987
808985869
815310451
816296303
817620509
818708699
819979103
829493473
830510701
830527787
837866647
841474157
842716753
847353541
849004801
854321459
855320129
855354229
859051057
864189187
864724249
872538607
873916669
874381609
874936949
875021171
876355189
876511039
879801191
880723589
888070171
890737811
895073087
895825349
896515021
897651037
902691299
903817247
903842651
904239137
909373849
910955657
912025789
916946039
919417633
919517101
920244449
920288821
923230507
924314047
925079963
925734037
926316593
927874421
929591447
933835741
934538413
935679581
939906433
951173221
954082369
955652171
958564967
958573667
960810061
961042961
961829221
962481409
970628777
973696909
974372821
974628727
977883001
978888283
980625223
982117883
983595779
983975813
986958419
987796829
987875503
991257181
992976503
994108543
997034837
997138847
997564669
999605647
